[array([0.152743, 0.843219]), array([0.81766 , 0.985849]), array([0.312847, 0.472138, 0.613927]), array([0.612348, 0.478192, 0.735194, 0.281947]), array([0.372481, 0.618472, 0.497281, 0.581274]), array([0.472138, 0.581247, 0.362849, 0.491283, 0.623178]), array([0.472138, 0.581247, 0.362849, 0.491283, 0.623178, 0.472138]), array([0.472138, 0.581247, 0.362849, 0.491283, 0.623178, 0.472138,
       0.581247, 0.362849])]
[array([0.180231, 0.124508]), array([0.702637, 0.926564]), array([0.170477, 0.697032, 0.149169]), array([0.577766, 0.428772, 0.425826, 0.249007]), array([0.224189, 0.84648 , 0.879484, 0.878516]), array([0.728186, 0.154693, 0.732552, 0.693997, 0.056401]), array([0.057896, 0.491672, 0.247422, 0.218118, 0.420428, 0.73097 ]), array([0.056447, 0.065956, 0.022929, 0.038786, 0.403935, 0.801055,
       0.488307, 0.893085])]
[array([0.42, 0.62]), array([0.65, 0.75]), array([0.598372, 0.412758, 0.381947]), array([0.590608, 0.454348, 0.88033 , 0.190221]), array([0.576435, 0.536756, 0.388883, 0.369778]), array([0.133872, 0.0094  , 0.516062, 0.412741, 0.967625]), array([0.491283, 0.623178, 0.472138, 0.581247, 0.362849, 0.491283]), array([0.581247, 0.362849, 0.491283, 0.623178, 0.472138, 0.581247,
       0.362849, 0.491283])]
[array([0.462918, 0.528347]), array([0.758214, 0.612947]), array([0.468912, 0.558371, 0.546829]), array([0.595281, 0.459182, 0.884291, 0.196382]), array([0.581294, 0.541827, 0.391284, 0.373918]), array([0.734182, 0.162948, 0.738291, 0.697283, 0.065182]), array([0.592183, 0.631472, 0.481294, 0.368472, 0.498216, 0.592183]), array([0.368472, 0.498216, 0.631472, 0.481294, 0.592183, 0.368472,
       0.498216, 0.631472])]
[array([0.856214, 0.812347]), array([0.579842, 0.689317]), array([0.312947, 0.738261, 0.524178]), array([0.498327, 0.328471, 0.632847, 0.485192]), array([0.615284, 0.498281, 0.682473, 0.426193]), array([0.483291, 0.592847, 0.371284, 0.501927, 0.618374]), array([0.501927, 0.618374, 0.483291, 0.592847, 0.371284, 0.501927]), array([0.371284, 0.501927, 0.618374, 0.483291, 0.592847, 0.371284,
       0.501927, 0.618374])]
[array([0.658734, 0.146928]), array([0.743516, 0.312864]), array([0.507284, 0.263917, 0.702481]), array([0.582471, 0.486291, 0.392847, 0.703192]), array([0.498281, 0.682473, 0.426193, 0.579281]), array([0.618374, 0.483291, 0.592847, 0.371284, 0.492817]), array([0.501927, 0.618374, 0.483291, 0.592847, 0.371284, 0.501927]), array([0.501927, 0.618374, 0.483291, 0.592847, 0.371284, 0.501927,
       0.618374, 0.483291])]
[array([0.108327, 0.437281]), array([0.911328, 0.05913 ]), array([0.184762, 0.537192, 0.379481]), array([0.498123, 0.692471, 0.381947, 0.572481]), array([0.581274, 0.493817, 0.681472, 0.419283]), array([0.581247, 0.362849, 0.491283, 0.623178, 0.472138]), array([0.491283, 0.623178, 0.472138, 0.581247, 0.362849, 0.491283]), array([0.362849, 0.472138, 0.491283, 0.623178, 0.581247, 0.362849,
       0.472138, 0.491283])]
[array([0.229631, 0.284508]), array([0.582737, 0.936764]), array([0.268471, 0.594039, 0.159179]), array([0.422255, 0.436572, 0.428827, 0.239117]), array([0.275181, 0.838482, 0.872474, 0.871514]), array([0.623586, 0.152683, 0.853352, 0.623897, 0.059302]), array([0.047856, 0.491384, 0.247356, 0.218124, 0.42098 , 0.730236]), array([0.402827, 0.613364, 0.484391, 0.584847, 0.372284, 0.301927,
       0.692374, 0.753291])]
[array([0.106829, 0.426518]), array([0.721628, 0.052386]), array([0.194724, 0.565289, 0.47829 ]), array([0.25982 , 0.792911, 0.497623, 0.836451]), array([0.689234, 0.593617, 0.791272, 0.513879]), array([0.681847, 0.364584, 0.291783, 0.725172, 0.574683]), array([0.391583, 0.62519 , 0.489123, 0.581743, 0.313578, 0.428691]), array([0.342879, 0.473738, 0.491583, 0.639178, 0.592247, 0.37294 ,
       0.495338, 0.485019])]
[array([0.166429, 0.326519]), array([0.821468, 0.153486]), array([0.192754, 0.665887, 0.47824 ]), array([0.35682 , 0.892921, 0.499023, 0.833897]), array([0.529234, 0.594619, 0.891273, 0.613387]), array([0.481587, 0.385584, 0.482874, 0.795272, 0.378629]), array([0.467243, 0.612456, 0.489123, 0.983982, 0.313578, 0.478653]), array([0.895879, 0.426785, 0.491583, 0.639178, 0.692247, 0.89294 ,
       0.495338, 0.485019])]
[array([0.126929, 0.320547]), array([0.681927, 0.156335]), array([0.194724, 0.489234, 0.329876]), array([0.35962 , 0.893991, 0.597629, 0.336467]), array([0.789334, 0.493217, 0.991172, 0.613889]), array([0.637847, 0.564524, 0.496783, 0.923172, 0.674383]), array([0.491583, 0.62519 , 0.289123, 0.181743, 0.813578, 0.728691]), array([0.152879, 0.923738, 0.491583, 0.839178, 0.492247, 0.67294 ,
       0.895338, 0.985019])]
[array([0.325729, 0.316807]), array([0.524928, 0.27683 ]), array([0.254764, 0.582937, 0.421866]), array([0.51769 , 0.791395, 0.698519, 0.436561]), array([0.882935, 0.209235, 0.528172, 0.738912]), array([0.369845, 0.424976, 0.592785, 0.819376, 0.278863]), array([0.271586, 0.725292, 0.385125, 0.191373, 0.313678, 0.629695]), array([0.292675, 0.733736, 0.392573, 0.635178, 0.189753, 0.672941,
       0.835631, 0.38601 ])]