[array([0.152743, 0.843219]), array([0.81766 , 0.985849]), array([0.312847, 0.472138, 0.613927]), array([0.612348, 0.478192, 0.735194, 0.281947]), array([0.372481, 0.618472, 0.497281, 0.581274]), array([0.472138, 0.581247, 0.362849, 0.491283, 0.623178]), array([0.472138, 0.581247, 0.362849, 0.491283, 0.623178, 0.472138]), array([0.472138, 0.581247, 0.362849, 0.491283, 0.623178, 0.472138,
       0.581247, 0.362849])]
[array([0.180231, 0.124508]), array([0.702637, 0.926564]), array([0.170477, 0.697032, 0.149169]), array([0.577766, 0.428772, 0.425826, 0.249007]), array([0.224189, 0.84648 , 0.879484, 0.878516]), array([0.728186, 0.154693, 0.732552, 0.693997, 0.056401]), array([0.057896, 0.491672, 0.247422, 0.218118, 0.420428, 0.73097 ]), array([0.056447, 0.065956, 0.022929, 0.038786, 0.403935, 0.801055,
       0.488307, 0.893085])]
[array([0.42, 0.62]), array([0.65, 0.75]), array([0.598372, 0.412758, 0.381947]), array([0.590608, 0.454348, 0.88033 , 0.190221]), array([0.576435, 0.536756, 0.388883, 0.369778]), array([0.133872, 0.0094  , 0.516062, 0.412741, 0.967625]), array([0.491283, 0.623178, 0.472138, 0.581247, 0.362849, 0.491283]), array([0.581247, 0.362849, 0.491283, 0.623178, 0.472138, 0.581247,
       0.362849, 0.491283])]
[array([0.462918, 0.528347]), array([0.758214, 0.612947]), array([0.468912, 0.558371, 0.546829]), array([0.595281, 0.459182, 0.884291, 0.196382]), array([0.581294, 0.541827, 0.391284, 0.373918]), array([0.734182, 0.162948, 0.738291, 0.697283, 0.065182]), array([0.592183, 0.631472, 0.481294, 0.368472, 0.498216, 0.592183]), array([0.368472, 0.498216, 0.631472, 0.481294, 0.592183, 0.368472,
       0.498216, 0.631472])]
[array([0.856214, 0.812347]), array([0.579842, 0.689317]), array([0.312947, 0.738261, 0.524178]), array([0.498327, 0.328471, 0.632847, 0.485192]), array([0.615284, 0.498281, 0.682473, 0.426193]), array([0.483291, 0.592847, 0.371284, 0.501927, 0.618374]), array([0.501927, 0.618374, 0.483291, 0.592847, 0.371284, 0.501927]), array([0.371284, 0.501927, 0.618374, 0.483291, 0.592847, 0.371284,
       0.501927, 0.618374])]
[array([0.658734, 0.146928]), array([0.743516, 0.312864]), array([0.507284, 0.263917, 0.702481]), array([0.582471, 0.486291, 0.392847, 0.703192]), array([0.498281, 0.682473, 0.426193, 0.579281]), array([0.618374, 0.483291, 0.592847, 0.371284, 0.492817]), array([0.501927, 0.618374, 0.483291, 0.592847, 0.371284, 0.501927]), array([0.501927, 0.618374, 0.483291, 0.592847, 0.371284, 0.501927,
       0.618374, 0.483291])]